/*--------------------------------*- C++ -*----------------------------------*\
| =========                 |                                                 |
| \\      /  F ield         | OpenFOAM: The Open Source CFD Toolbox           |
|  \\    /   O peration     | Version:  4.0                                   |
|   \\  /    A nd           | Web:      www.OpenFOAM.org                      |
|    \\/     M anipulation  |                                                 |
\*---------------------------------------------------------------------------*/
FoamFile
{
    version     2.0;
    format      ascii;
    class       labelList;
    note        "nPoints:14960  nCells:7172  nFaces:28996  nInternalFaces:14036";
    location    "constant/polyMesh";
    object      neighbour;
}
// * * * * * * * * * * * * * * * * * * * * * * * * * * * * * * * * * * * * * //


14036
(
1
59
6404
2
60
6403
3
61
6402
4
62
6401
5
63
6400
6
64
6399
7
65
6398
8
66
6397
9
67
6396
10
68
6395
11
69
6394
12
70
6393
13
71
6392
14
72
6391
15
73
6390
16
74
6389
17
75
6388
18
76
6387
19
77
6386
20
78
6385
21
79
6384
22
80
6383
23
81
6382
24
82
6381
25
83
6380
26
84
6379
27
85
6378
28
86
6377
29
87
6376
30
88
6375
31
89
6374
32
90
6373
33
91
6372
34
92
6371
35
93
6370
36
94
6369
37
95
6368
38
96
6367
39
97
6366
40
98
6365
41
99
6364
42
100
6363
43
101
6362
44
102
6361
45
103
6360
46
104
6359
47
105
6358
48
106
6357
49
107
6356
50
108
6355
51
109
6354
52
110
6353
53
111
6352
54
112
6351
55
113
6350
56
114
6349
57
115
6348
58
116
6347
117
1121
6346
60
118
61
119
62
120
63
121
64
122
65
123
66
124
67
125
68
126
69
127
70
128
71
129
72
130
73
131
74
132
75
133
76
134
77
135
78
136
79
137
80
138
81
139
82
140
83
141
84
142
85
143
86
144
87
145
88
146
89
147
90
148
91
149
92
150
93
151
94
152
95
153
96
154
97
155
98
156
99
157
100
158
101
159
102
160
103
161
104
162
105
163
106
164
107
165
108
166
109
167
110
168
111
169
112
170
113
171
114
172
115
173
116
174
117
175
176
1180
119
177
120
178
121
179
122
180
123
181
124
182
125
183
126
184
127
185
128
186
129
187
130
188
131
189
132
190
133
191
134
192
135
193
136
194
137
195
138
196
139
197
140
198
141
199
142
200
143
201
144
202
145
203
146
204
147
205
148
206
149
207
150
208
151
209
152
210
153
211
154
212
155
213
156
214
157
215
158
216
159
217
160
218
161
219
162
220
163
221
164
222
165
223
166
224
167
225
168
226
169
227
170
228
171
229
172
230
173
231
174
232
175
233
176
234
235
1239
178
236
179
237
180
238
181
239
182
240
183
241
184
242
185
243
186
244
187
245
188
246
189
247
190
248
191
249
192
250
193
251
194
252
195
253
196
254
197
255
198
256
199
257
200
258
201
259
202
260
203
261
204
262
205
263
206
264
207
265
208
266
209
267
210
268
211
269
212
270
213
271
214
272
215
273
216
274
217
275
218
276
219
277
220
278
221
279
222
280
223
281
224
282
225
283
226
284
227
285
228
286
229
287
230
288
231
289
232
290
233
291
234
292
235
293
294
1298
237
295
238
296
239
297
240
298
241
299
242
300
243
301
244
302
245
303
246
304
247
305
248
306
249
307
250
308
251
309
252
310
253
311
254
312
255
313
256
314
257
315
258
316
259
317
260
318
261
319
262
320
263
321
264
322
265
323
266
324
267
325
268
326
269
327
270
328
271
329
272
330
273
331
274
332
275
333
276
334
277
335
278
336
279
337
280
338
281
339
282
340
283
341
284
342
285
343
286
344
287
345
288
346
289
347
290
348
291
349
292
350
293
351
294
352
353
1357
296
354
297
355
298
356
299
357
300
358
301
359
302
360
303
361
304
362
305
363
306
364
307
365
308
366
309
367
310
368
311
369
312
370
313
371
314
372
315
373
316
374
317
375
318
376
319
377
320
378
321
379
322
380
323
381
324
382
325
383
326
384
327
385
328
386
329
387
330
388
331
389
332
390
333
391
334
392
335
393
336
394
337
395
338
396
339
397
340
398
341
399
342
400
343
401
344
402
345
403
346
404
347
405
348
406
349
407
350
408
351
409
352
410
353
411
412
1416
355
413
356
414
357
415
358
416
359
417
360
418
361
419
362
420
363
421
364
422
365
423
366
424
367
425
368
426
369
427
370
428
371
429
372
430
373
431
374
432
375
433
376
434
377
435
378
436
379
437
380
438
381
439
382
440
383
441
384
442
385
443
386
444
387
445
388
446
389
447
390
448
391
449
392
450
393
451
394
452
395
453
396
454
397
455
398
456
399
457
400
458
401
459
402
460
403
461
404
462
405
463
406
464
407
465
408
466
409
467
410
468
411
469
412
470
471
1475
414
472
415
473
416
474
417
475
418
476
419
477
420
478
421
479
422
480
423
481
424
482
425
483
426
484
427
485
428
486
429
487
430
488
431
489
432
490
433
491
434
492
435
493
436
494
437
495
438
496
439
497
440
498
441
499
442
500
443
501
444
502
445
503
446
504
447
505
448
506
449
507
450
508
451
509
452
510
453
511
454
512
455
513
456
514
457
515
458
516
459
517
460
518
461
519
462
520
463
521
464
522
465
523
466
524
467
525
468
526
469
527
470
528
471
529
530
1534
473
531
474
532
475
533
476
534
477
535
478
536
479
537
480
538
481
539
482
540
483
541
484
542
485
543
486
544
487
545
488
546
489
547
490
548
491
549
492
550
493
551
494
552
495
553
496
554
497
555
498
556
499
557
500
558
501
559
502
560
503
561
504
562
505
563
506
564
507
565
508
566
509
567
510
568
511
569
512
570
513
571
514
572
515
573
516
574
517
575
518
576
519
577
520
578
521
579
522
580
523
581
524
582
525
583
526
584
527
585
528
586
529
587
530
588
589
1593
532
590
533
591
534
592
535
593
536
594
537
595
538
596
539
597
540
598
541
599
542
600
543
601
544
602
545
603
546
604
547
605
548
606
549
607
550
608
551
609
552
610
553
611
554
612
555
613
556
614
557
615
558
616
559
617
560
618
561
619
562
620
563
621
564
622
565
623
566
624
567
625
568
626
569
627
570
628
571
629
572
630
573
631
574
632
575
633
576
634
577
635
578
636
579
637
580
638
581
639
582
640
583
641
584
642
585
643
586
644
587
645
588
646
589
647
648
1652
591
649
592
650
593
651
594
652
595
653
596
654
597
655
598
656
599
657
600
658
601
659
602
660
603
661
604
662
605
663
606
664
607
665
608
666
609
667
610
668
611
669
612
670
613
671
614
672
615
673
616
674
617
675
618
676
619
677
620
678
621
679
622
680
623
681
624
682
625
683
626
684
627
685
628
686
629
687
630
688
631
689
632
690
633
691
634
692
635
693
636
694
637
695
638
696
639
697
640
698
641
699
642
700
643
701
644
702
645
703
646
704
647
705
648
706
707
1711
650
708
651
709
652
710
653
711
654
712
655
713
656
714
657
715
658
716
659
717
660
718
661
719
662
720
663
721
664
722
665
723
666
724
667
725
668
726
669
727
670
728
671
729
672
730
673
731
674
732
675
733
676
734
677
735
678
736
679
737
680
738
681
739
682
740
683
741
684
742
685
743
686
744
687
745
688
746
689
747
690
748
691
749
692
750
693
751
694
752
695
753
696
754
697
755
698
756
699
757
700
758
701
759
702
760
703
761
704
762
705
763
706
764
707
765
766
1770
709
767
710
768
711
769
712
770
713
771
714
772
715
773
716
774
717
775
718
776
719
777
720
778
721
779
722
780
723
781
724
782
725
783
726
784
727
785
728
786
729
787
730
788
731
789
732
790
733
791
734
792
735
793
736
794
737
795
738
796
739
797
740
798
741
799
742
800
743
801
744
802
745
803
746
804
747
805
748
806
749
807
750
808
751
809
752
810
753
811
754
812
755
813
756
814
757
815
758
816
759
817
760
818
761
819
762
820
763
821
764
822
765
823
766
824
825
1829
768
826
769
827
770
828
771
829
772
830
773
831
774
832
775
833
776
834
777
835
778
836
779
837
780
838
781
839
782
840
783
841
784
842
785
843
786
844
787
845
788
846
789
847
790
848
791
849
792
850
793
851
794
852
795
853
796
854
797
855
798
856
799
857
800
858
801
859
802
860
803
861
804
862
805
863
806
864
807
865
808
866
809
867
810
868
811
869
812
870
813
871
814
872
815
873
816
874
817
875
818
876
819
877
820
878
821
879
822
880
823
881
824
882
825
883
884
1888
827
885
828
886
829
887
830
888
831
889
832
890
833
891
834
892
835
893
836
894
837
895
838
896
839
897
840
898
841
899
842
900
843
901
844
902
845
903
846
904
847
905
848
906
849
907
850
908
851
909
852
910
853
911
854
912
855
913
856
914
857
915
858
916
859
917
860
918
861
919
862
920
863
921
864
922
865
923
866
924
867
925
868
926
869
927
870
928
871
929
872
930
873
931
874
932
875
933
876
934
877
935
878
936
879
937
880
938
881
939
882
940
883
941
884
942
943
1947
886
944
887
945
888
946
889
947
890
948
891
949
892
950
893
951
894
952
895
953
896
954
897
955
898
956
899
957
900
958
901
959
902
960
903
961
904
962
905
963
906
964
907
965
908
966
909
967
910
968
911
969
912
970
913
971
914
972
915
973
916
974
917
975
918
976
919
977
920
978
921
979
922
980
923
981
924
982
925
983
926
984
927
985
928
986
929
987
930
988
931
989
932
990
933
991
934
992
935
993
936
994
937
995
938
996
939
997
940
998
941
999
942
1000
943
1001
1002
2006
945
1003
946
1004
947
1005
948
1006
949
1007
950
1008
951
1009
952
1010
953
1011
954
1012
955
1013
956
1014
957
1015
958
1016
959
1017
960
1018
961
1019
962
1020
963
1021
964
1022
965
1023
966
1024
967
1025
968
1026
969
1027
970
1028
971
1029
972
1030
973
1031
974
1032
975
1033
976
1034
977
1035
978
1036
979
1037
980
1038
981
1039
982
1040
983
1041
984
1042
985
1043
986
1044
987
1045
988
1046
989
1047
990
1048
991
1049
992
1050
993
1051
994
1052
995
1053
996
1054
997
1055
998
1056
999
1057
1000
1058
1001
1059
1002
1060
1061
2065
1004
1062
1005
1063
1006
1064
1007
1065
1008
1066
1009
1067
1010
1068
1011
1069
1012
1070
1013
1071
1014
1072
1015
1073
1016
1074
1017
1075
1018
1076
1019
1077
1020
1078
1021
1079
1022
1080
1023
1081
1024
1082
1025
1083
1026
1084
1027
1085
1028
1086
1029
1087
1030
1088
1031
1089
1032
1090
1033
1091
1034
1092
1035
1093
1036
1094
1037
1095
1038
1096
1039
1097
1040
1098
1041
1099
1042
1100
1043
1101
1044
1102
1045
1103
1046
1104
1047
1105
1048
1106
1049
1107
1050
1108
1051
1109
1052
1110
1053
1111
1054
1112
1055
1113
1056
1114
1057
1115
1058
1116
1059
1117
1060
1118
1061
1119
1120
2124
1063
1064
1065
1066
1067
1068
1069
1070
1071
1072
1073
1074
1075
1076
1077
1078
1079
1080
1081
1082
1083
1084
1085
1086
1087
1088
1089
1090
1091
1092
1093
1094
1095
1096
1097
1098
1099
1100
1101
1102
1103
1104
1105
1106
1107
1108
1109
1110
1111
1112
1113
1114
1115
1116
1117
1118
1119
1120
2183
1122
1180
1123
1181
1124
1182
1125
1183
1126
1184
1127
1185
1128
1186
1129
1187
1130
1188
1131
1189
1132
1190
1133
1191
1134
1192
1135
1193
1136
1194
1137
1195
1138
1196
1139
1197
1140
1198
1141
1199
1142
1200
1143
1201
1144
1202
1145
1203
1146
1204
1147
1205
1148
1206
1149
1207
1150
1208
1151
1209
1152
1210
1153
1211
1154
1212
1155
1213
1156
1214
1157
1215
1158
1216
1159
1217
1160
1218
1161
1219
1162
1220
1163
1221
1164
1222
1165
1223
1166
1224
1167
1225
1168
1226
1169
1227
1170
1228
1171
1229
1172
1230
1173
1231
1174
1232
1175
1233
1176
1234
1177
1235
1178
1236
1179
1237
1238
2242
1181
1239
1182
1240
1183
1241
1184
1242
1185
1243
1186
1244
1187
1245
1188
1246
1189
1247
1190
1248
1191
1249
1192
1250
1193
1251
1194
1252
1195
1253
1196
1254
1197
1255
1198
1256
1199
1257
1200
1258
1201
1259
1202
1260
1203
1261
1204
1262
1205
1263
1206
1264
1207
1265
1208
1266
1209
1267
1210
1268
1211
1269
1212
1270
1213
1271
1214
1272
1215
1273
1216
1274
1217
1275
1218
1276
1219
1277
1220
1278
1221
1279
1222
1280
1223
1281
1224
1282
1225
1283
1226
1284
1227
1285
1228
1286
1229
1287
1230
1288
1231
1289
1232
1290
1233
1291
1234
1292
1235
1293
1236
1294
1237
1295
1238
1296
1297
2291
1240
1298
1241
1299
1242
1300
1243
1301
1244
1302
1245
1303
1246
1304
1247
1305
1248
1306
1249
1307
1250
1308
1251
1309
1252
1310
1253
1311
1254
1312
1255
1313
1256
1314
1257
1315
1258
1316
1259
1317
1260
1318
1261
1319
1262
1320
1263
1321
1264
1322
1265
1323
1266
1324
1267
1325
1268
1326
1269
1327
1270
1328
1271
1329
1272
1330
1273
1331
1274
1332
1275
1333
1276
1334
1277
1335
1278
1336
1279
1337
1280
1338
1281
1339
1282
1340
1283
1341
1284
1342
1285
1343
1286
1344
1287
1345
1288
1346
1289
1347
1290
1348
1291
1349
1292
1350
1293
1351
1294
1352
1295
1353
1296
1354
1297
1355
1356
2340
1299
1357
1300
1358
1301
1359
1302
1360
1303
1361
1304
1362
1305
1363
1306
1364
1307
1365
1308
1366
1309
1367
1310
1368
1311
1369
1312
1370
1313
1371
1314
1372
1315
1373
1316
1374
1317
1375
1318
1376
1319
1377
1320
1378
1321
1379
1322
1380
1323
1381
1324
1382
1325
1383
1326
1384
1327
1385
1328
1386
1329
1387
1330
1388
1331
1389
1332
1390
1333
1391
1334
1392
1335
1393
1336
1394
1337
1395
1338
1396
1339
1397
1340
1398
1341
1399
1342
1400
1343
1401
1344
1402
1345
1403
1346
1404
1347
1405
1348
1406
1349
1407
1350
1408
1351
1409
1352
1410
1353
1411
1354
1412
1355
1413
1356
1414
1415
2389
1358
1416
1359
1417
1360
1418
1361
1419
1362
1420
1363
1421
1364
1422
1365
1423
1366
1424
1367
1425
1368
1426
1369
1427
1370
1428
1371
1429
1372
1430
1373
1431
1374
1432
1375
1433
1376
1434
1377
1435
1378
1436
1379
1437
1380
1438
1381
1439
1382
1440
1383
1441
1384
1442
1385
1443
1386
1444
1387
1445
1388
1446
1389
1447
1390
1448
1391
1449
1392
1450
1393
1451
1394
1452
1395
1453
1396
1454
1397
1455
1398
1456
1399
1457
1400
1458
1401
1459
1402
1460
1403
1461
1404
1462
1405
1463
1406
1464
1407
1465
1408
1466
1409
1467
1410
1468
1411
1469
1412
1470
1413
1471
1414
1472
1415
1473
1474
2438
1417
1475
1418
1476
1419
1477
1420
1478
1421
1479
1422
1480
1423
1481
1424
1482
1425
1483
1426
1484
1427
1485
1428
1486
1429
1487
1430
1488
1431
1489
1432
1490
1433
1491
1434
1492
1435
1493
1436
1494
1437
1495
1438
1496
1439
1497
1440
1498
1441
1499
1442
1500
1443
1501
1444
1502
1445
1503
1446
1504
1447
1505
1448
1506
1449
1507
1450
1508
1451
1509
1452
1510
1453
1511
1454
1512
1455
1513
1456
1514
1457
1515
1458
1516
1459
1517
1460
1518
1461
1519
1462
1520
1463
1521
1464
1522
1465
1523
1466
1524
1467
1525
1468
1526
1469
1527
1470
1528
1471
1529
1472
1530
1473
1531
1474
1532
1533
2487
1476
1534
1477
1535
1478
1536
1479
1537
1480
1538
1481
1539
1482
1540
1483
1541
1484
1542
1485
1543
1486
1544
1487
1545
1488
1546
1489
1547
1490
1548
1491
1549
1492
1550
1493
1551
1494
1552
1495
1553
1496
1554
1497
1555
1498
1556
1499
1557
1500
1558
1501
1559
1502
1560
1503
1561
1504
1562
1505
1563
1506
1564
1507
1565
1508
1566
1509
1567
1510
1568
1511
1569
1512
1570
1513
1571
1514
1572
1515
1573
1516
1574
1517
1575
1518
1576
1519
1577
1520
1578
1521
1579
1522
1580
1523
1581
1524
1582
1525
1583
1526
1584
1527
1585
1528
1586
1529
1587
1530
1588
1531
1589
1532
1590
1533
1591
1592
2536
1535
1593
1536
1594
1537
1595
1538
1596
1539
1597
1540
1598
1541
1599
1542
1600
1543
1601
1544
1602
1545
1603
1546
1604
1547
1605
1548
1606
1549
1607
1550
1608
1551
1609
1552
1610
1553
1611
1554
1612
1555
1613
1556
1614
1557
1615
1558
1616
1559
1617
1560
1618
1561
1619
1562
1620
1563
1621
1564
1622
1565
1623
1566
1624
1567
1625
1568
1626
1569
1627
1570
1628
1571
1629
1572
1630
1573
1631
1574
1632
1575
1633
1576
1634
1577
1635
1578
1636
1579
1637
1580
1638
1581
1639
1582
1640
1583
1641
1584
1642
1585
1643
1586
1644
1587
1645
1588
1646
1589
1647
1590
1648
1591
1649
1592
1650
1651
2585
1594
1652
1595
1653
1596
1654
1597
1655
1598
1656
1599
1657
1600
1658
1601
1659
1602
1660
1603
1661
1604
1662
1605
1663
1606
1664
1607
1665
1608
1666
1609
1667
1610
1668
1611
1669
1612
1670
1613
1671
1614
1672
1615
1673
1616
1674
1617
1675
1618
1676
1619
1677
1620
1678
1621
1679
1622
1680
1623
1681
1624
1682
1625
1683
1626
1684
1627
1685
1628
1686
1629
1687
1630
1688
1631
1689
1632
1690
1633
1691
1634
1692
1635
1693
1636
1694
1637
1695
1638
1696
1639
1697
1640
1698
1641
1699
1642
1700
1643
1701
1644
1702
1645
1703
1646
1704
1647
1705
1648
1706
1649
1707
1650
1708
1651
1709
1710
2634
1653
1711
1654
1712
1655
1713
1656
1714
1657
1715
1658
1716
1659
1717
1660
1718
1661
1719
1662
1720
1663
1721
1664
1722
1665
1723
1666
1724
1667
1725
1668
1726
1669
1727
1670
1728
1671
1729
1672
1730
1673
1731
1674
1732
1675
1733
1676
1734
1677
1735
1678
1736
1679
1737
1680
1738
1681
1739
1682
1740
1683
1741
1684
1742
1685
1743
1686
1744
1687
1745
1688
1746
1689
1747
1690
1748
1691
1749
1692
1750
1693
1751
1694
1752
1695
1753
1696
1754
1697
1755
1698
1756
1699
1757
1700
1758
1701
1759
1702
1760
1703
1761
1704
1762
1705
1763
1706
1764
1707
1765
1708
1766
1709
1767
1710
1768
1769
2683
1712
1770
1713
1771
1714
1772
1715
1773
1716
1774
1717
1775
1718
1776
1719
1777
1720
1778
1721
1779
1722
1780
1723
1781
1724
1782
1725
1783
1726
1784
1727
1785
1728
1786
1729
1787
1730
1788
1731
1789
1732
1790
1733
1791
1734
1792
1735
1793
1736
1794
1737
1795
1738
1796
1739
1797
1740
1798
1741
1799
1742
1800
1743
1801
1744
1802
1745
1803
1746
1804
1747
1805
1748
1806
1749
1807
1750
1808
1751
1809
1752
1810
1753
1811
1754
1812
1755
1813
1756
1814
1757
1815
1758
1816
1759
1817
1760
1818
1761
1819
1762
1820
1763
1821
1764
1822
1765
1823
1766
1824
1767
1825
1768
1826
1769
1827
1828
2732
1771
1829
1772
1830
1773
1831
1774
1832
1775
1833
1776
1834
1777
1835
1778
1836
1779
1837
1780
1838
1781
1839
1782
1840
1783
1841
1784
1842
1785
1843
1786
1844
1787
1845
1788
1846
1789
1847
1790
1848
1791
1849
1792
1850
1793
1851
1794
1852
1795
1853
1796
1854
1797
1855
1798
1856
1799
1857
1800
1858
1801
1859
1802
1860
1803
1861
1804
1862
1805
1863
1806
1864
1807
1865
1808
1866
1809
1867
1810
1868
1811
1869
1812
1870
1813
1871
1814
1872
1815
1873
1816
1874
1817
1875
1818
1876
1819
1877
1820
1878
1821
1879
1822
1880
1823
1881
1824
1882
1825
1883
1826
1884
1827
1885
1828
1886
1887
2781
1830
1888
1831
1889
1832
1890
1833
1891
1834
1892
1835
1893
1836
1894
1837
1895
1838
1896
1839
1897
1840
1898
1841
1899
1842
1900
1843
1901
1844
1902
1845
1903
1846
1904
1847
1905
1848
1906
1849
1907
1850
1908
1851
1909
1852
1910
1853
1911
1854
1912
1855
1913
1856
1914
1857
1915
1858
1916
1859
1917
1860
1918
1861
1919
1862
1920
1863
1921
1864
1922
1865
1923
1866
1924
1867
1925
1868
1926
1869
1927
1870
1928
1871
1929
1872
1930
1873
1931
1874
1932
1875
1933
1876
1934
1877
1935
1878
1936
1879
1937
1880
1938
1881
1939
1882
1940
1883
1941
1884
1942
1885
1943
1886
1944
1887
1945
1946
2830
1889
1947
1890
1948
1891
1949
1892
1950
1893
1951
1894
1952
1895
1953
1896
1954
1897
1955
1898
1956
1899
1957
1900
1958
1901
1959
1902
1960
1903
1961
1904
1962
1905
1963
1906
1964
1907
1965
1908
1966
1909
1967
1910
1968
1911
1969
1912
1970
1913
1971
1914
1972
1915
1973
1916
1974
1917
1975
1918
1976
1919
1977
1920
1978
1921
1979
1922
1980
1923
1981
1924
1982
1925
1983
1926
1984
1927
1985
1928
1986
1929
1987
1930
1988
1931
1989
1932
1990
1933
1991
1934
1992
1935
1993
1936
1994
1937
1995
1938
1996
1939
1997
1940
1998
1941
1999
1942
2000
1943
2001
1944
2002
1945
2003
1946
2004
2005
2879
1948
2006
1949
2007
1950
2008
1951
2009
1952
2010
1953
2011
1954
2012
1955
2013
1956
2014
1957
2015
1958
2016
1959
2017
1960
2018
1961
2019
1962
2020
1963
2021
1964
2022
1965
2023
1966
2024
1967
2025
1968
2026
1969
2027
1970
2028
1971
2029
1972
2030
1973
2031
1974
2032
1975
2033
1976
2034
1977
2035
1978
2036
1979
2037
1980
2038
1981
2039
1982
2040
1983
2041
1984
2042
1985
2043
1986
2044
1987
2045
1988
2046
1989
2047
1990
2048
1991
2049
1992
2050
1993
2051
1994
2052
1995
2053
1996
2054
1997
2055
1998
2056
1999
2057
2000
2058
2001
2059
2002
2060
2003
2061
2004
2062
2005
2063
2064
2928
2007
2065
2008
2066
2009
2067
2010
2068
2011
2069
2012
2070
2013
2071
2014
2072
2015
2073
2016
2074
2017
2075
2018
2076
2019
2077
2020
2078
2021
2079
2022
2080
2023
2081
2024
2082
2025
2083
2026
2084
2027
2085
2028
2086
2029
2087
2030
2088
2031
2089
2032
2090
2033
2091
2034
2092
2035
2093
2036
2094
2037
2095
2038
2096
2039
2097
2040
2098
2041
2099
2042
2100
2043
2101
2044
2102
2045
2103
2046
2104
2047
2105
2048
2106
2049
2107
2050
2108
2051
2109
2052
2110
2053
2111
2054
2112
2055
2113
2056
2114
2057
2115
2058
2116
2059
2117
2060
2118
2061
2119
2062
2120
2063
2121
2064
2122
2123
2977
2066
2124
2067
2125
2068
2126
2069
2127
2070
2128
2071
2129
2072
2130
2073
2131
2074
2132
2075
2133
2076
2134
2077
2135
2078
2136
2079
2137
2080
2138
2081
2139
2082
2140
2083
2141
2084
2142
2085
2143
2086
2144
2087
2145
2088
2146
2089
2147
2090
2148
2091
2149
2092
2150
2093
2151
2094
2152
2095
2153
2096
2154
2097
2155
2098
2156
2099
2157
2100
2158
2101
2159
2102
2160
2103
2161
2104
2162
2105
2163
2106
2164
2107
2165
2108
2166
2109
2167
2110
2168
2111
2169
2112
2170
2113
2171
2114
2172
2115
2173
2116
2174
2117
2175
2118
2176
2119
2177
2120
2178
2121
2179
2122
2180
2123
2181
2182
3026
2125
2183
2126
2184
2127
2185
2128
2186
2129
2187
2130
2188
2131
2189
2132
2190
2133
2191
2134
2192
2135
2193
2136
2194
2137
2195
2138
2196
2139
2197
2140
2198
2141
2199
2142
2200
2143
2201
2144
2202
2145
2203
2146
2204
2147
2205
2148
2206
2149
2207
2150
2208
2151
2209
2152
2210
2153
2211
2154
2212
2155
2213
2156
2214
2157
2215
2158
2216
2159
2217
2160
2218
2161
2219
2162
2220
2163
2221
2164
2222
2165
2223
2166
2224
2167
2225
2168
2226
2169
2227
2170
2228
2171
2229
2172
2230
2173
2231
2174
2232
2175
2233
2176
2234
2177
2235
2178
2236
2179
2237
2180
2238
2181
2239
2182
2240
2241
3075
2184
2185
2186
2187
2188
2189
2190
2191
2192
2193
2194
2195
2196
2197
2198
2199
2200
2201
2202
2203
2204
2205
2206
2207
2208
2209
2210
2211
2212
2213
2214
2215
2216
2217
2218
2219
2220
2221
2222
2223
2224
2225
2226
2227
2228
2229
2230
2231
2232
2233
2234
2235
2236
2237
2238
2239
2240
2241
3124
2243
2291
2244
2292
2245
2293
2246
2294
2247
2295
2248
2296
2249
2297
2250
2298
2251
2299
2252
2300
2253
2301
2254
2302
2255
2303
2256
2304
2257
2305
2258
2306
2259
2307
2260
2308
2261
2309
2262
2310
2263
2311
2264
2312
2265
2313
2266
2314
2267
2315
2268
2316
2269
2317
2270
2318
2271
2319
2272
2320
2273
2321
2274
2322
2275
2323
2276
2324
2277
2325
2278
2326
2279
2327
2280
2328
2281
2329
2282
2330
2283
2331
2284
2332
2285
2333
2286
2334
2287
2335
2288
2336
2289
2337
2290
2338
2339
3173
2292
2340
2293
2341
2294
2342
2295
2343
2296
2344
2297
2345
2298
2346
2299
2347
2300
2348
2301
2349
2302
2350
2303
2351
2304
2352
2305
2353
2306
2354
2307
2355
2308
2356
2309
2357
2310
2358
2311
2359
2312
2360
2313
2361
2314
2362
2315
2363
2316
2364
2317
2365
2318
2366
2319
2367
2320
2368
2321
2369
2322
2370
2323
2371
2324
2372
2325
2373
2326
2374
2327
2375
2328
2376
2329
2377
2330
2378
2331
2379
2332
2380
2333
2381
2334
2382
2335
2383
2336
2384
2337
2385
2338
2386
2339
2387
2388
3222
2341
2389
2342
2390
2343
2391
2344
2392
2345
2393
2346
2394
2347
2395
2348
2396
2349
2397
2350
2398
2351
2399
2352
2400
2353
2401
2354
2402
2355
2403
2356
2404
2357
2405
2358
2406
2359
2407
2360
2408
2361
2409
2362
2410
2363
2411
2364
2412
2365
2413
2366
2414
2367
2415
2368
2416
2369
2417
2370
2418
2371
2419
2372
2420
2373
2421
2374
2422
2375
2423
2376
2424
2377
2425
2378
2426
2379
2427
2380
2428
2381
2429
2382
2430
2383
2431
2384
2432
2385
2433
2386
2434
2387
2435
2388
2436
2437
3271
2390
2438
2391
2439
2392
2440
2393
2441
2394
2442
2395
2443
2396
2444
2397
2445
2398
2446
2399
2447
2400
2448
2401
2449
2402
2450
2403
2451
2404
2452
2405
2453
2406
2454
2407
2455
2408
2456
2409
2457
2410
2458
2411
2459
2412
2460
2413
2461
2414
2462
2415
2463
2416
2464
2417
2465
2418
2466
2419
2467
2420
2468
2421
2469
2422
2470
2423
2471
2424
2472
2425
2473
2426
2474
2427
2475
2428
2476
2429
2477
2430
2478
2431
2479
2432
2480
2433
2481
2434
2482
2435
2483
2436
2484
2437
2485
2486
3320
2439
2487
2440
2488
2441
2489
2442
2490
2443
2491
2444
2492
2445
2493
2446
2494
2447
2495
2448
2496
2449
2497
2450
2498
2451
2499
2452
2500
2453
2501
2454
2502
2455
2503
2456
2504
2457
2505
2458
2506
2459
2507
2460
2508
2461
2509
2462
2510
2463
2511
2464
2512
2465
2513
2466
2514
2467
2515
2468
2516
2469
2517
2470
2518
2471
2519
2472
2520
2473
2521
2474
2522
2475
2523
2476
2524
2477
2525
2478
2526
2479
2527
2480
2528
2481
2529
2482
2530
2483
2531
2484
2532
2485
2533
2486
2534
2535
3369
2488
2536
2489
2537
2490
2538
2491
2539
2492
2540
2493
2541
2494
2542
2495
2543
2496
2544
2497
2545
2498
2546
2499
2547
2500
2548
2501
2549
2502
2550
2503
2551
2504
2552
2505
2553
2506
2554
2507
2555
2508
2556
2509
2557
2510
2558
2511
2559
2512
2560
2513
2561
2514
2562
2515
2563
2516
2564
2517
2565
2518
2566
2519
2567
2520
2568
2521
2569
2522
2570
2523
2571
2524
2572
2525
2573
2526
2574
2527
2575
2528
2576
2529
2577
2530
2578
2531
2579
2532
2580
2533
2581
2534
2582
2535
2583
2584
3418
2537
2585
2538
2586
2539
2587
2540
2588
2541
2589
2542
2590
2543
2591
2544
2592
2545
2593
2546
2594
2547
2595
2548
2596
2549
2597
2550
2598
2551
2599
2552
2600
2553
2601
2554
2602
2555
2603
2556
2604
2557
2605
2558
2606
2559
2607
2560
2608
2561
2609
2562
2610
2563
2611
2564
2612
2565
2613
2566
2614
2567
2615
2568
2616
2569
2617
2570
2618
2571
2619
2572
2620
2573
2621
2574
2622
2575
2623
2576
2624
2577
2625
2578
2626
2579
2627
2580
2628
2581
2629
2582
2630
2583
2631
2584
2632
2633
3467
2586
2634
2587
2635
2588
2636
2589
2637
2590
2638
2591
2639
2592
2640
2593
2641
2594
2642
2595
2643
2596
2644
2597
2645
2598
2646
2599
2647
2600
2648
2601
2649
2602
2650
2603
2651
2604
2652
2605
2653
2606
2654
2607
2655
2608
2656
2609
2657
2610
2658
2611
2659
2612
2660
2613
2661
2614
2662
2615
2663
2616
2664
2617
2665
2618
2666
2619
2667
2620
2668
2621
2669
2622
2670
2623
2671
2624
2672
2625
2673
2626
2674
2627
2675
2628
2676
2629
2677
2630
2678
2631
2679
2632
2680
2633
2681
2682
3516
2635
2683
2636
2684
2637
2685
2638
2686
2639
2687
2640
2688
2641
2689
2642
2690
2643
2691
2644
2692
2645
2693
2646
2694
2647
2695
2648
2696
2649
2697
2650
2698
2651
2699
2652
2700
2653
2701
2654
2702
2655
2703
2656
2704
2657
2705
2658
2706
2659
2707
2660
2708
2661
2709
2662
2710
2663
2711
2664
2712
2665
2713
2666
2714
2667
2715
2668
2716
2669
2717
2670
2718
2671
2719
2672
2720
2673
2721
2674
2722
2675
2723
2676
2724
2677
2725
2678
2726
2679
2727
2680
2728
2681
2729
2682
2730
2731
3565
2684
2732
2685
2733
2686
2734
2687
2735
2688
2736
2689
2737
2690
2738
2691
2739
2692
2740
2693
2741
2694
2742
2695
2743
2696
2744
2697
2745
2698
2746
2699
2747
2700
2748
2701
2749
2702
2750
2703
2751
2704
2752
2705
2753
2706
2754
2707
2755
2708
2756
2709
2757
2710
2758
2711
2759
2712
2760
2713
2761
2714
2762
2715
2763
2716
2764
2717
2765
2718
2766
2719
2767
2720
2768
2721
2769
2722
2770
2723
2771
2724
2772
2725
2773
2726
2774
2727
2775
2728
2776
2729
2777
2730
2778
2731
2779
2780
3614
2733
2781
2734
2782
2735
2783
2736
2784
2737
2785
2738
2786
2739
2787
2740
2788
2741
2789
2742
2790
2743
2791
2744
2792
2745
2793
2746
2794
2747
2795
2748
2796
2749
2797
2750
2798
2751
2799
2752
2800
2753
2801
2754
2802
2755
2803
2756
2804
2757
2805
2758
2806
2759
2807
2760
2808
2761
2809
2762
2810
2763
2811
2764
2812
2765
2813
2766
2814
2767
2815
2768
2816
2769
2817
2770
2818
2771
2819
2772
2820
2773
2821
2774
2822
2775
2823
2776
2824
2777
2825
2778
2826
2779
2827
2780
2828
2829
3663
2782
2830
2783
2831
2784
2832
2785
2833
2786
2834
2787
2835
2788
2836
2789
2837
2790
2838
2791
2839
2792
2840
2793
2841
2794
2842
2795
2843
2796
2844
2797
2845
2798
2846
2799
2847
2800
2848
2801
2849
2802
2850
2803
2851
2804
2852
2805
2853
2806
2854
2807
2855
2808
2856
2809
2857
2810
2858
2811
2859
2812
2860
2813
2861
2814
2862
2815
2863
2816
2864
2817
2865
2818
2866
2819
2867
2820
2868
2821
2869
2822
2870
2823
2871
2824
2872
2825
2873
2826
2874
2827
2875
2828
2876
2829
2877
2878
3712
2831
2879
2832
2880
2833
2881
2834
2882
2835
2883
2836
2884
2837
2885
2838
2886
2839
2887
2840
2888
2841
2889
2842
2890
2843
2891
2844
2892
2845
2893
2846
2894
2847
2895
2848
2896
2849
2897
2850
2898
2851
2899
2852
2900
2853
2901
2854
2902
2855
2903
2856
2904
2857
2905
2858
2906
2859
2907
2860
2908
2861
2909
2862
2910
2863
2911
2864
2912
2865
2913
2866
2914
2867
2915
2868
2916
2869
2917
2870
2918
2871
2919
2872
2920
2873
2921
2874
2922
2875
2923
2876
2924
2877
2925
2878
2926
2927
3761
2880
2928
2881
2929
2882
2930
2883
2931
2884
2932
2885
2933
2886
2934
2887
2935
2888
2936
2889
2937
2890
2938
2891
2939
2892
2940
2893
2941
2894
2942
2895
2943
2896
2944
2897
2945
2898
2946
2899
2947
2900
2948
2901
2949
2902
2950
2903
2951
2904
2952
2905
2953
2906
2954
2907
2955
2908
2956
2909
2957
2910
2958
2911
2959
2912
2960
2913
2961
2914
2962
2915
2963
2916
2964
2917
2965
2918
2966
2919
2967
2920
2968
2921
2969
2922
2970
2923
2971
2924
2972
2925
2973
2926
2974
2927
2975
2976
3810
2929
2977
2930
2978
2931
2979
2932
2980
2933
2981
2934
2982
2935
2983
2936
2984
2937
2985
2938
2986
2939
2987
2940
2988
2941
2989
2942
2990
2943
2991
2944
2992
2945
2993
2946
2994
2947
2995
2948
2996
2949
2997
2950
2998
2951
2999
2952
3000
2953
3001
2954
3002
2955
3003
2956
3004
2957
3005
2958
3006
2959
3007
2960
3008
2961
3009
2962
3010
2963
3011
2964
3012
2965
3013
2966
3014
2967
3015
2968
3016
2969
3017
2970
3018
2971
3019
2972
3020
2973
3021
2974
3022
2975
3023
2976
3024
3025
3859
2978
3026
2979
3027
2980
3028
2981
3029
2982
3030
2983
3031
2984
3032
2985
3033
2986
3034
2987
3035
2988
3036
2989
3037
2990
3038
2991
3039
2992
3040
2993
3041
2994
3042
2995
3043
2996
3044
2997
3045
2998
3046
2999
3047
3000
3048
3001
3049
3002
3050
3003
3051
3004
3052
3005
3053
3006
3054
3007
3055
3008
3056
3009
3057
3010
3058
3011
3059
3012
3060
3013
3061
3014
3062
3015
3063
3016
3064
3017
3065
3018
3066
3019
3067
3020
3068
3021
3069
3022
3070
3023
3071
3024
3072
3025
3073
3074
3908
3027
3075
3028
3076
3029
3077
3030
3078
3031
3079
3032
3080
3033
3081
3034
3082
3035
3083
3036
3084
3037
3085
3038
3086
3039
3087
3040
3088
3041
3089
3042
3090
3043
3091
3044
3092
3045
3093
3046
3094
3047
3095
3048
3096
3049
3097
3050
3098
3051
3099
3052
3100
3053
3101
3054
3102
3055
3103
3056
3104
3057
3105
3058
3106
3059
3107
3060
3108
3061
3109
3062
3110
3063
3111
3064
3112
3065
3113
3066
3114
3067
3115
3068
3116
3069
3117
3070
3118
3071
3119
3072
3120
3073
3121
3074
3122
3123
3957
3076
3124
3077
3125
3078
3126
3079
3127
3080
3128
3081
3129
3082
3130
3083
3131
3084
3132
3085
3133
3086
3134
3087
3135
3088
3136
3089
3137
3090
3138
3091
3139
3092
3140
3093
3141
3094
3142
3095
3143
3096
3144
3097
3145
3098
3146
3099
3147
3100
3148
3101
3149
3102
3150
3103
3151
3104
3152
3105
3153
3106
3154
3107
3155
3108
3156
3109
3157
3110
3158
3111
3159
3112
3160
3113
3161
3114
3162
3115
3163
3116
3164
3117
3165
3118
3166
3119
3167
3120
3168
3121
3169
3122
3170
3123
3171
3172
4006
3125
3126
3127
3128
3129
3130
3131
3132
3133
3134
3135
3136
3137
3138
3139
3140
3141
3142
3143
3144
3145
3146
3147
3148
3149
3150
3151
3152
3153
3154
3155
3156
3157
3158
3159
3160
3161
3162
3163
3164
3165
3166
3167
3168
3169
3170
3171
3172
4055
3174
3222
3175
3223
3176
3224
3177
3225
3178
3226
3179
3227
3180
3228
3181
3229
3182
3230
3183
3231
3184
3232
3185
3233
3186
3234
3187
3235
3188
3236
3189
3237
3190
3238
3191
3239
3192
3240
3193
3241
3194
3242
3195
3243
3196
3244
3197
3245
3198
3246
3199
3247
3200
3248
3201
3249
3202
3250
3203
3251
3204
3252
3205
3253
3206
3254
3207
3255
3208
3256
3209
3257
3210
3258
3211
3259
3212
3260
3213
3261
3214
3262
3215
3263
3216
3264
3217
3265
3218
3266
3219
3267
3220
3268
3221
3269
3270
4104
3223
3271
3224
3272
3225
3273
3226
3274
3227
3275
3228
3276
3229
3277
3230
3278
3231
3279
3232
3280
3233
3281
3234
3282
3235
3283
3236
3284
3237
3285
3238
3286
3239
3287
3240
3288
3241
3289
3242
3290
3243
3291
3244
3292
3245
3293
3246
3294
3247
3295
3248
3296
3249
3297
3250
3298
3251
3299
3252
3300
3253
3301
3254
3302
3255
3303
3256
3304
3257
3305
3258
3306
3259
3307
3260
3308
3261
3309
3262
3310
3263
3311
3264
3312
3265
3313
3266
3314
3267
3315
3268
3316
3269
3317
3270
3318
3319
4163
3272
3320
3273
3321
3274
3322
3275
3323
3276
3324
3277
3325
3278
3326
3279
3327
3280
3328
3281
3329
3282
3330
3283
3331
3284
3332
3285
3333
3286
3334
3287
3335
3288
3336
3289
3337
3290
3338
3291
3339
3292
3340
3293
3341
3294
3342
3295
3343
3296
3344
3297
3345
3298
3346
3299
3347
3300
3348
3301
3349
3302
3350
3303
3351
3304
3352
3305
3353
3306
3354
3307
3355
3308
3356
3309
3357
3310
3358
3311
3359
3312
3360
3313
3361
3314
3362
3315
3363
3316
3364
3317
3365
3318
3366
3319
3367
3368
4222
3321
3369
3322
3370
3323
3371
3324
3372
3325
3373
3326
3374
3327
3375
3328
3376
3329
3377
3330
3378
3331
3379
3332
3380
3333
3381
3334
3382
3335
3383
3336
3384
3337
3385
3338
3386
3339
3387
3340
3388
3341
3389
3342
3390
3343
3391
3344
3392
3345
3393
3346
3394
3347
3395
3348
3396
3349
3397
3350
3398
3351
3399
3352
3400
3353
3401
3354
3402
3355
3403
3356
3404
3357
3405
3358
3406
3359
3407
3360
3408
3361
3409
3362
3410
3363
3411
3364
3412
3365
3413
3366
3414
3367
3415
3368
3416
3417
4281
3370
3418
3371
3419
3372
3420
3373
3421
3374
3422
3375
3423
3376
3424
3377
3425
3378
3426
3379
3427
3380
3428
3381
3429
3382
3430
3383
3431
3384
3432
3385
3433
3386
3434
3387
3435
3388
3436
3389
3437
3390
3438
3391
3439
3392
3440
3393
3441
3394
3442
3395
3443
3396
3444
3397
3445
3398
3446
3399
3447
3400
3448
3401
3449
3402
3450
3403
3451
3404
3452
3405
3453
3406
3454
3407
3455
3408
3456
3409
3457
3410
3458
3411
3459
3412
3460
3413
3461
3414
3462
3415
3463
3416
3464
3417
3465
3466
4340
3419
3467
3420
3468
3421
3469
3422
3470
3423
3471
3424
3472
3425
3473
3426
3474
3427
3475
3428
3476
3429
3477
3430
3478
3431
3479
3432
3480
3433
3481
3434
3482
3435
3483
3436
3484
3437
3485
3438
3486
3439
3487
3440
3488
3441
3489
3442
3490
3443
3491
3444
3492
3445
3493
3446
3494
3447
3495
3448
3496
3449
3497
3450
3498
3451
3499
3452
3500
3453
3501
3454
3502
3455
3503
3456
3504
3457
3505
3458
3506
3459
3507
3460
3508
3461
3509
3462
3510
3463
3511
3464
3512
3465
3513
3466
3514
3515
4399
3468
3516
3469
3517
3470
3518
3471
3519
3472
3520
3473
3521
3474
3522
3475
3523
3476
3524
3477
3525
3478
3526
3479
3527
3480
3528
3481
3529
3482
3530
3483
3531
3484
3532
3485
3533
3486
3534
3487
3535
3488
3536
3489
3537
3490
3538
3491
3539
3492
3540
3493
3541
3494
3542
3495
3543
3496
3544
3497
3545
3498
3546
3499
3547
3500
3548
3501
3549
3502
3550
3503
3551
3504
3552
3505
3553
3506
3554
3507
3555
3508
3556
3509
3557
3510
3558
3511
3559
3512
3560
3513
3561
3514
3562
3515
3563
3564
4458
3517
3565
3518
3566
3519
3567
3520
3568
3521
3569
3522
3570
3523
3571
3524
3572
3525
3573
3526
3574
3527
3575
3528
3576
3529
3577
3530
3578
3531
3579
3532
3580
3533
3581
3534
3582
3535
3583
3536
3584
3537
3585
3538
3586
3539
3587
3540
3588
3541
3589
3542
3590
3543
3591
3544
3592
3545
3593
3546
3594
3547
3595
3548
3596
3549
3597
3550
3598
3551
3599
3552
3600
3553
3601
3554
3602
3555
3603
3556
3604
3557
3605
3558
3606
3559
3607
3560
3608
3561
3609
3562
3610
3563
3611
3564
3612
3613
4517
3566
3614
3567
3615
3568
3616
3569
3617
3570
3618
3571
3619
3572
3620
3573
3621
3574
3622
3575
3623
3576
3624
3577
3625
3578
3626
3579
3627
3580
3628
3581
3629
3582
3630
3583
3631
3584
3632
3585
3633
3586
3634
3587
3635
3588
3636
3589
3637
3590
3638
3591
3639
3592
3640
3593
3641
3594
3642
3595
3643
3596
3644
3597
3645
3598
3646
3599
3647
3600
3648
3601
3649
3602
3650
3603
3651
3604
3652
3605
3653
3606
3654
3607
3655
3608
3656
3609
3657
3610
3658
3611
3659
3612
3660
3613
3661
3662
4576
3615
3663
3616
3664
3617
3665
3618
3666
3619
3667
3620
3668
3621
3669
3622
3670
3623
3671
3624
3672
3625
3673
3626
3674
3627
3675
3628
3676
3629
3677
3630
3678
3631
3679
3632
3680
3633
3681
3634
3682
3635
3683
3636
3684
3637
3685
3638
3686
3639
3687
3640
3688
3641
3689
3642
3690
3643
3691
3644
3692
3645
3693
3646
3694
3647
3695
3648
3696
3649
3697
3650
3698
3651
3699
3652
3700
3653
3701
3654
3702
3655
3703
3656
3704
3657
3705
3658
3706
3659
3707
3660
3708
3661
3709
3662
3710
3711
4635
3664
3712
3665
3713
3666
3714
3667
3715
3668
3716
3669
3717
3670
3718
3671
3719
3672
3720
3673
3721
3674
3722
3675
3723
3676
3724
3677
3725
3678
3726
3679
3727
3680
3728
3681
3729
3682
3730
3683
3731
3684
3732
3685
3733
3686
3734
3687
3735
3688
3736
3689
3737
3690
3738
3691
3739
3692
3740
3693
3741
3694
3742
3695
3743
3696
3744
3697
3745
3698
3746
3699
3747
3700
3748
3701
3749
3702
3750
3703
3751
3704
3752
3705
3753
3706
3754
3707
3755
3708
3756
3709
3757
3710
3758
3711
3759
3760
4694
3713
3761
3714
3762
3715
3763
3716
3764
3717
3765
3718
3766
3719
3767
3720
3768
3721
3769
3722
3770
3723
3771
3724
3772
3725
3773
3726
3774
3727
3775
3728
3776
3729
3777
3730
3778
3731
3779
3732
3780
3733
3781
3734
3782
3735
3783
3736
3784
3737
3785
3738
3786
3739
3787
3740
3788
3741
3789
3742
3790
3743
3791
3744
3792
3745
3793
3746
3794
3747
3795
3748
3796
3749
3797
3750
3798
3751
3799
3752
3800
3753
3801
3754
3802
3755
3803
3756
3804
3757
3805
3758
3806
3759
3807
3760
3808
3809
4753
3762
3810
3763
3811
3764
3812
3765
3813
3766
3814
3767
3815
3768
3816
3769
3817
3770
3818
3771
3819
3772
3820
3773
3821
3774
3822
3775
3823
3776
3824
3777
3825
3778
3826
3779
3827
3780
3828
3781
3829
3782
3830
3783
3831
3784
3832
3785
3833
3786
3834
3787
3835
3788
3836
3789
3837
3790
3838
3791
3839
3792
3840
3793
3841
3794
3842
3795
3843
3796
3844
3797
3845
3798
3846
3799
3847
3800
3848
3801
3849
3802
3850
3803
3851
3804
3852
3805
3853
3806
3854
3807
3855
3808
3856
3809
3857
3858
4812
3811
3859
3812
3860
3813
3861
3814
3862
3815
3863
3816
3864
3817
3865
3818
3866
3819
3867
3820
3868
3821
3869
3822
3870
3823
3871
3824
3872
3825
3873
3826
3874
3827
3875
3828
3876
3829
3877
3830
3878
3831
3879
3832
3880
3833
3881
3834
3882
3835
3883
3836
3884
3837
3885
3838
3886
3839
3887
3840
3888
3841
3889
3842
3890
3843
3891
3844
3892
3845
3893
3846
3894
3847
3895
3848
3896
3849
3897
3850
3898
3851
3899
3852
3900
3853
3901
3854
3902
3855
3903
3856
3904
3857
3905
3858
3906
3907
4871
3860
3908
3861
3909
3862
3910
3863
3911
3864
3912
3865
3913
3866
3914
3867
3915
3868
3916
3869
3917
3870
3918
3871
3919
3872
3920
3873
3921
3874
3922
3875
3923
3876
3924
3877
3925
3878
3926
3879
3927
3880
3928
3881
3929
3882
3930
3883
3931
3884
3932
3885
3933
3886
3934
3887
3935
3888
3936
3889
3937
3890
3938
3891
3939
3892
3940
3893
3941
3894
3942
3895
3943
3896
3944
3897
3945
3898
3946
3899
3947
3900
3948
3901
3949
3902
3950
3903
3951
3904
3952
3905
3953
3906
3954
3907
3955
3956
4930
3909
3957
3910
3958
3911
3959
3912
3960
3913
3961
3914
3962
3915
3963
3916
3964
3917
3965
3918
3966
3919
3967
3920
3968
3921
3969
3922
3970
3923
3971
3924
3972
3925
3973
3926
3974
3927
3975
3928
3976
3929
3977
3930
3978
3931
3979
3932
3980
3933
3981
3934
3982
3935
3983
3936
3984
3937
3985
3938
3986
3939
3987
3940
3988
3941
3989
3942
3990
3943
3991
3944
3992
3945
3993
3946
3994
3947
3995
3948
3996
3949
3997
3950
3998
3951
3999
3952
4000
3953
4001
3954
4002
3955
4003
3956
4004
4005
4989
3958
4006
3959
4007
3960
4008
3961
4009
3962
4010
3963
4011
3964
4012
3965
4013
3966
4014
3967
4015
3968
4016
3969
4017
3970
4018
3971
4019
3972
4020
3973
4021
3974
4022
3975
4023
3976
4024
3977
4025
3978
4026
3979
4027
3980
4028
3981
4029
3982
4030
3983
4031
3984
4032
3985
4033
3986
4034
3987
4035
3988
4036
3989
4037
3990
4038
3991
4039
3992
4040
3993
4041
3994
4042
3995
4043
3996
4044
3997
4045
3998
4046
3999
4047
4000
4048
4001
4049
4002
4050
4003
4051
4004
4052
4005
4053
4054
5048
4007
4055
4008
4056
4009
4057
4010
4058
4011
4059
4012
4060
4013
4061
4014
4062
4015
4063
4016
4064
4017
4065
4018
4066
4019
4067
4020
4068
4021
4069
4022
4070
4023
4071
4024
4072
4025
4073
4026
4074
4027
4075
4028
4076
4029
4077
4030
4078
4031
4079
4032
4080
4033
4081
4034
4082
4035
4083
4036
4084
4037
4085
4038
4086
4039
4087
4040
4088
4041
4089
4042
4090
4043
4091
4044
4092
4045
4093
4046
4094
4047
4095
4048
4096
4049
4097
4050
4098
4051
4099
4052
4100
4053
4101
4054
4102
4103
5107
4056
4057
4058
4059
4060
4061
4062
4063
4064
4065
4066
4067
4068
4069
4070
4071
4072
4073
4074
4075
4076
4077
4078
4079
4080
4081
4082
4083
4084
4085
4086
4087
4088
4089
4090
4091
4092
4093
4094
4095
4096
4097
4098
4099
4100
4101
4102
4103
5166
4105
4163
4106
4164
4107
4165
4108
4166
4109
4167
4110
4168
4111
4169
4112
4170
4113
4171
4114
4172
4115
4173
4116
4174
4117
4175
4118
4176
4119
4177
4120
4178
4121
4179
4122
4180
4123
4181
4124
4182
4125
4183
4126
4184
4127
4185
4128
4186
4129
4187
4130
4188
4131
4189
4132
4190
4133
4191
4134
4192
4135
4193
4136
4194
4137
4195
4138
4196
4139
4197
4140
4198
4141
4199
4142
4200
4143
4201
4144
4202
4145
4203
4146
4204
4147
4205
4148
4206
4149
4207
4150
4208
4151
4209
4152
4210
4153
4211
4154
4212
4155
4213
4156
4214
4157
4215
4158
4216
4159
4217
4160
4218
4161
4219
4162
4220
4221
5225
4164
4222
4165
4223
4166
4224
4167
4225
4168
4226
4169
4227
4170
4228
4171
4229
4172
4230
4173
4231
4174
4232
4175
4233
4176
4234
4177
4235
4178
4236
4179
4237
4180
4238
4181
4239
4182
4240
4183
4241
4184
4242
4185
4243
4186
4244
4187
4245
4188
4246
4189
4247
4190
4248
4191
4249
4192
4250
4193
4251
4194
4252
4195
4253
4196
4254
4197
4255
4198
4256
4199
4257
4200
4258
4201
4259
4202
4260
4203
4261
4204
4262
4205
4263
4206
4264
4207
4265
4208
4266
4209
4267
4210
4268
4211
4269
4212
4270
4213
4271
4214
4272
4215
4273
4216
4274
4217
4275
4218
4276
4219
4277
4220
4278
4221
4279
4280
5284
4223
4281
4224
4282
4225
4283
4226
4284
4227
4285
4228
4286
4229
4287
4230
4288
4231
4289
4232
4290
4233
4291
4234
4292
4235
4293
4236
4294
4237
4295
4238
4296
4239
4297
4240
4298
4241
4299
4242
4300
4243
4301
4244
4302
4245
4303
4246
4304
4247
4305
4248
4306
4249
4307
4250
4308
4251
4309
4252
4310
4253
4311
4254
4312
4255
4313
4256
4314
4257
4315
4258
4316
4259
4317
4260
4318
4261
4319
4262
4320
4263
4321
4264
4322
4265
4323
4266
4324
4267
4325
4268
4326
4269
4327
4270
4328
4271
4329
4272
4330
4273
4331
4274
4332
4275
4333
4276
4334
4277
4335
4278
4336
4279
4337
4280
4338
4339
5343
4282
4340
4283
4341
4284
4342
4285
4343
4286
4344
4287
4345
4288
4346
4289
4347
4290
4348
4291
4349
4292
4350
4293
4351
4294
4352
4295
4353
4296
4354
4297
4355
4298
4356
4299
4357
4300
4358
4301
4359
4302
4360
4303
4361
4304
4362
4305
4363
4306
4364
4307
4365
4308
4366
4309
4367
4310
4368
4311
4369
4312
4370
4313
4371
4314
4372
4315
4373
4316
4374
4317
4375
4318
4376
4319
4377
4320
4378
4321
4379
4322
4380
4323
4381
4324
4382
4325
4383
4326
4384
4327
4385
4328
4386
4329
4387
4330
4388
4331
4389
4332
4390
4333
4391
4334
4392
4335
4393
4336
4394
4337
4395
4338
4396
4339
4397
4398
5402
4341
4399
4342
4400
4343
4401
4344
4402
4345
4403
4346
4404
4347
4405
4348
4406
4349
4407
4350
4408
4351
4409
4352
4410
4353
4411
4354
4412
4355
4413
4356
4414
4357
4415
4358
4416
4359
4417
4360
4418
4361
4419
4362
4420
4363
4421
4364
4422
4365
4423
4366
4424
4367
4425
4368
4426
4369
4427
4370
4428
4371
4429
4372
4430
4373
4431
4374
4432
4375
4433
4376
4434
4377
4435
4378
4436
4379
4437
4380
4438
4381
4439
4382
4440
4383
4441
4384
4442
4385
4443
4386
4444
4387
4445
4388
4446
4389
4447
4390
4448
4391
4449
4392
4450
4393
4451
4394
4452
4395
4453
4396
4454
4397
4455
4398
4456
4457
5461
4400
4458
4401
4459
4402
4460
4403
4461
4404
4462
4405
4463
4406
4464
4407
4465
4408
4466
4409
4467
4410
4468
4411
4469
4412
4470
4413
4471
4414
4472
4415
4473
4416
4474
4417
4475
4418
4476
4419
4477
4420
4478
4421
4479
4422
4480
4423
4481
4424
4482
4425
4483
4426
4484
4427
4485
4428
4486
4429
4487
4430
4488
4431
4489
4432
4490
4433
4491
4434
4492
4435
4493
4436
4494
4437
4495
4438
4496
4439
4497
4440
4498
4441
4499
4442
4500
4443
4501
4444
4502
4445
4503
4446
4504
4447
4505
4448
4506
4449
4507
4450
4508
4451
4509
4452
4510
4453
4511
4454
4512
4455
4513
4456
4514
4457
4515
4516
5520
4459
4517
4460
4518
4461
4519
4462
4520
4463
4521
4464
4522
4465
4523
4466
4524
4467
4525
4468
4526
4469
4527
4470
4528
4471
4529
4472
4530
4473
4531
4474
4532
4475
4533
4476
4534
4477
4535
4478
4536
4479
4537
4480
4538
4481
4539
4482
4540
4483
4541
4484
4542
4485
4543
4486
4544
4487
4545
4488
4546
4489
4547
4490
4548
4491
4549
4492
4550
4493
4551
4494
4552
4495
4553
4496
4554
4497
4555
4498
4556
4499
4557
4500
4558
4501
4559
4502
4560
4503
4561
4504
4562
4505
4563
4506
4564
4507
4565
4508
4566
4509
4567
4510
4568
4511
4569
4512
4570
4513
4571
4514
4572
4515
4573
4516
4574
4575
5579
4518
4576
4519
4577
4520
4578
4521
4579
4522
4580
4523
4581
4524
4582
4525
4583
4526
4584
4527
4585
4528
4586
4529
4587
4530
4588
4531
4589
4532
4590
4533
4591
4534
4592
4535
4593
4536
4594
4537
4595
4538
4596
4539
4597
4540
4598
4541
4599
4542
4600
4543
4601
4544
4602
4545
4603
4546
4604
4547
4605
4548
4606
4549
4607
4550
4608
4551
4609
4552
4610
4553
4611
4554
4612
4555
4613
4556
4614
4557
4615
4558
4616
4559
4617
4560
4618
4561
4619
4562
4620
4563
4621
4564
4622
4565
4623
4566
4624
4567
4625
4568
4626
4569
4627
4570
4628
4571
4629
4572
4630
4573
4631
4574
4632
4575
4633
4634
5638
4577
4635
4578
4636
4579
4637
4580
4638
4581
4639
4582
4640
4583
4641
4584
4642
4585
4643
4586
4644
4587
4645
4588
4646
4589
4647
4590
4648
4591
4649
4592
4650
4593
4651
4594
4652
4595
4653
4596
4654
4597
4655
4598
4656
4599
4657
4600
4658
4601
4659
4602
4660
4603
4661
4604
4662
4605
4663
4606
4664
4607
4665
4608
4666
4609
4667
4610
4668
4611
4669
4612
4670
4613
4671
4614
4672
4615
4673
4616
4674
4617
4675
4618
4676
4619
4677
4620
4678
4621
4679
4622
4680
4623
4681
4624
4682
4625
4683
4626
4684
4627
4685
4628
4686
4629
4687
4630
4688
4631
4689
4632
4690
4633
4691
4634
4692
4693
5697
4636
4694
4637
4695
4638
4696
4639
4697
4640
4698
4641
4699
4642
4700
4643
4701
4644
4702
4645
4703
4646
4704
4647
4705
4648
4706
4649
4707
4650
4708
4651
4709
4652
4710
4653
4711
4654
4712
4655
4713
4656
4714
4657
4715
4658
4716
4659
4717
4660
4718
4661
4719
4662
4720
4663
4721
4664
4722
4665
4723
4666
4724
4667
4725
4668
4726
4669
4727
4670
4728
4671
4729
4672
4730
4673
4731
4674
4732
4675
4733
4676
4734
4677
4735
4678
4736
4679
4737
4680
4738
4681
4739
4682
4740
4683
4741
4684
4742
4685
4743
4686
4744
4687
4745
4688
4746
4689
4747
4690
4748
4691
4749
4692
4750
4693
4751
4752
5756
4695
4753
4696
4754
4697
4755
4698
4756
4699
4757
4700
4758
4701
4759
4702
4760
4703
4761
4704
4762
4705
4763
4706
4764
4707
4765
4708
4766
4709
4767
4710
4768
4711
4769
4712
4770
4713
4771
4714
4772
4715
4773
4716
4774
4717
4775
4718
4776
4719
4777
4720
4778
4721
4779
4722
4780
4723
4781
4724
4782
4725
4783
4726
4784
4727
4785
4728
4786
4729
4787
4730
4788
4731
4789
4732
4790
4733
4791
4734
4792
4735
4793
4736
4794
4737
4795
4738
4796
4739
4797
4740
4798
4741
4799
4742
4800
4743
4801
4744
4802
4745
4803
4746
4804
4747
4805
4748
4806
4749
4807
4750
4808
4751
4809
4752
4810
4811
5815
4754
4812
4755
4813
4756
4814
4757
4815
4758
4816
4759
4817
4760
4818
4761
4819
4762
4820
4763
4821
4764
4822
4765
4823
4766
4824
4767
4825
4768
4826
4769
4827
4770
4828
4771
4829
4772
4830
4773
4831
4774
4832
4775
4833
4776
4834
4777
4835
4778
4836
4779
4837
4780
4838
4781
4839
4782
4840
4783
4841
4784
4842
4785
4843
4786
4844
4787
4845
4788
4846
4789
4847
4790
4848
4791
4849
4792
4850
4793
4851
4794
4852
4795
4853
4796
4854
4797
4855
4798
4856
4799
4857
4800
4858
4801
4859
4802
4860
4803
4861
4804
4862
4805
4863
4806
4864
4807
4865
4808
4866
4809
4867
4810
4868
4811
4869
4870
5874
4813
4871
4814
4872
4815
4873
4816
4874
4817
4875
4818
4876
4819
4877
4820
4878
4821
4879
4822
4880
4823
4881
4824
4882
4825
4883
4826
4884
4827
4885
4828
4886
4829
4887
4830
4888
4831
4889
4832
4890
4833
4891
4834
4892
4835
4893
4836
4894
4837
4895
4838
4896
4839
4897
4840
4898
4841
4899
4842
4900
4843
4901
4844
4902
4845
4903
4846
4904
4847
4905
4848
4906
4849
4907
4850
4908
4851
4909
4852
4910
4853
4911
4854
4912
4855
4913
4856
4914
4857
4915
4858
4916
4859
4917
4860
4918
4861
4919
4862
4920
4863
4921
4864
4922
4865
4923
4866
4924
4867
4925
4868
4926
4869
4927
4870
4928
4929
5933
4872
4930
4873
4931
4874
4932
4875
4933
4876
4934
4877
4935
4878
4936
4879
4937
4880
4938
4881
4939
4882
4940
4883
4941
4884
4942
4885
4943
4886
4944
4887
4945
4888
4946
4889
4947
4890
4948
4891
4949
4892
4950
4893
4951
4894
4952
4895
4953
4896
4954
4897
4955
4898
4956
4899
4957
4900
4958
4901
4959
4902
4960
4903
4961
4904
4962
4905
4963
4906
4964
4907
4965
4908
4966
4909
4967
4910
4968
4911
4969
4912
4970
4913
4971
4914
4972
4915
4973
4916
4974
4917
4975
4918
4976
4919
4977
4920
4978
4921
4979
4922
4980
4923
4981
4924
4982
4925
4983
4926
4984
4927
4985
4928
4986
4929
4987
4988
5992
4931
4989
4932
4990
4933
4991
4934
4992
4935
4993
4936
4994
4937
4995
4938
4996
4939
4997
4940
4998
4941
4999
4942
5000
4943
5001
4944
5002
4945
5003
4946
5004
4947
5005
4948
5006
4949
5007
4950
5008
4951
5009
4952
5010
4953
5011
4954
5012
4955
5013
4956
5014
4957
5015
4958
5016
4959
5017
4960
5018
4961
5019
4962
5020
4963
5021
4964
5022
4965
5023
4966
5024
4967
5025
4968
5026
4969
5027
4970
5028
4971
5029
4972
5030
4973
5031
4974
5032
4975
5033
4976
5034
4977
5035
4978
5036
4979
5037
4980
5038
4981
5039
4982
5040
4983
5041
4984
5042
4985
5043
4986
5044
4987
5045
4988
5046
5047
6051
4990
5048
4991
5049
4992
5050
4993
5051
4994
5052
4995
5053
4996
5054
4997
5055
4998
5056
4999
5057
5000
5058
5001
5059
5002
5060
5003
5061
5004
5062
5005
5063
5006
5064
5007
5065
5008
5066
5009
5067
5010
5068
5011
5069
5012
5070
5013
5071
5014
5072
5015
5073
5016
5074
5017
5075
5018
5076
5019
5077
5020
5078
5021
5079
5022
5080
5023
5081
5024
5082
5025
5083
5026
5084
5027
5085
5028
5086
5029
5087
5030
5088
5031
5089
5032
5090
5033
5091
5034
5092
5035
5093
5036
5094
5037
5095
5038
5096
5039
5097
5040
5098
5041
5099
5042
5100
5043
5101
5044
5102
5045
5103
5046
5104
5047
5105
5106
6110
5049
5107
5050
5108
5051
5109
5052
5110
5053
5111
5054
5112
5055
5113
5056
5114
5057
5115
5058
5116
5059
5117
5060
5118
5061
5119
5062
5120
5063
5121
5064
5122
5065
5123
5066
5124
5067
5125
5068
5126
5069
5127
5070
5128
5071
5129
5072
5130
5073
5131
5074
5132
5075
5133
5076
5134
5077
5135
5078
5136
5079
5137
5080
5138
5081
5139
5082
5140
5083
5141
5084
5142
5085
5143
5086
5144
5087
5145
5088
5146
5089
5147
5090
5148
5091
5149
5092
5150
5093
5151
5094
5152
5095
5153
5096
5154
5097
5155
5098
5156
5099
5157
5100
5158
5101
5159
5102
5160
5103
5161
5104
5162
5105
5163
5106
5164
5165
6169
5108
5166
5109
5167
5110
5168
5111
5169
5112
5170
5113
5171
5114
5172
5115
5173
5116
5174
5117
5175
5118
5176
5119
5177
5120
5178
5121
5179
5122
5180
5123
5181
5124
5182
5125
5183
5126
5184
5127
5185
5128
5186
5129
5187
5130
5188
5131
5189
5132
5190
5133
5191
5134
5192
5135
5193
5136
5194
5137
5195
5138
5196
5139
5197
5140
5198
5141
5199
5142
5200
5143
5201
5144
5202
5145
5203
5146
5204
5147
5205
5148
5206
5149
5207
5150
5208
5151
5209
5152
5210
5153
5211
5154
5212
5155
5213
5156
5214
5157
5215
5158
5216
5159
5217
5160
5218
5161
5219
5162
5220
5163
5221
5164
5222
5165
5223
5224
6228
5167
5168
5169
5170
5171
5172
5173
5174
5175
5176
5177
5178
5179
5180
5181
5182
5183
5184
5185
5186
5187
5188
5189
5190
5191
5192
5193
5194
5195
5196
5197
5198
5199
5200
5201
5202
5203
5204
5205
5206
5207
5208
5209
5210
5211
5212
5213
5214
5215
5216
5217
5218
5219
5220
5221
5222
5223
5224
6287
5226
5284
7113
5227
5285
7114
5228
5286
7115
5229
5287
7116
5230
5288
7117
5231
5289
7118
5232
5290
7119
5233
5291
7120
5234
5292
7121
5235
5293
7122
5236
5294
7123
5237
5295
7124
5238
5296
7125
5239
5297
7126
5240
5298
7127
5241
5299
7128
5242
5300
7129
5243
5301
7130
5244
5302
7131
5245
5303
7132
5246
5304
7133
5247
5305
7134
5248
5306
7135
5249
5307
7136
5250
5308
7137
5251
5309
7138
5252
5310
7139
5253
5311
7140
5254
5312
7141
5255
5313
7142
5256
5314
7143
5257
5315
7144
5258
5316
7145
5259
5317
7146
5260
5318
7147
5261
5319
7148
5262
5320
7149
5263
5321
7150
5264
5322
7151
5265
5323
7152
5266
5324
7153
5267
5325
7154
5268
5326
7155
5269
5327
7156
5270
5328
7157
5271
5329
7158
5272
5330
7159
5273
5331
7160
5274
5332
7161
5275
5333
7162
5276
5334
7163
5277
5335
7164
5278
5336
7165
5279
5337
7166
5280
5338
7167
5281
5339
7168
5282
5340
7169
5283
5341
7170
5342
7171
5285
5343
5286
5344
5287
5345
5288
5346
5289
5347
5290
5348
5291
5349
5292
5350
5293
5351
5294
5352
5295
5353
5296
5354
5297
5355
5298
5356
5299
5357
5300
5358
5301
5359
5302
5360
5303
5361
5304
5362
5305
5363
5306
5364
5307
5365
5308
5366
5309
5367
5310
5368
5311
5369
5312
5370
5313
5371
5314
5372
5315
5373
5316
5374
5317
5375
5318
5376
5319
5377
5320
5378
5321
5379
5322
5380
5323
5381
5324
5382
5325
5383
5326
5384
5327
5385
5328
5386
5329
5387
5330
5388
5331
5389
5332
5390
5333
5391
5334
5392
5335
5393
5336
5394
5337
5395
5338
5396
5339
5397
5340
5398
5341
5399
5342
5400
5401
5344
5402
5345
5403
5346
5404
5347
5405
5348
5406
5349
5407
5350
5408
5351
5409
5352
5410
5353
5411
5354
5412
5355
5413
5356
5414
5357
5415
5358
5416
5359
5417
5360
5418
5361
5419
5362
5420
5363
5421
5364
5422
5365
5423
5366
5424
5367
5425
5368
5426
5369
5427
5370
5428
5371
5429
5372
5430
5373
5431
5374
5432
5375
5433
5376
5434
5377
5435
5378
5436
5379
5437
5380
5438
5381
5439
5382
5440
5383
5441
5384
5442
5385
5443
5386
5444
5387
5445
5388
5446
5389
5447
5390
5448
5391
5449
5392
5450
5393
5451
5394
5452
5395
5453
5396
5454
5397
5455
5398
5456
5399
5457
5400
5458
5401
5459
5460
5403
5461
5404
5462
5405
5463
5406
5464
5407
5465
5408
5466
5409
5467
5410
5468
5411
5469
5412
5470
5413
5471
5414
5472
5415
5473
5416
5474
5417
5475
5418
5476
5419
5477
5420
5478
5421
5479
5422
5480
5423
5481
5424
5482
5425
5483
5426
5484
5427
5485
5428
5486
5429
5487
5430
5488
5431
5489
5432
5490
5433
5491
5434
5492
5435
5493
5436
5494
5437
5495
5438
5496
5439
5497
5440
5498
5441
5499
5442
5500
5443
5501
5444
5502
5445
5503
5446
5504
5447
5505
5448
5506
5449
5507
5450
5508
5451
5509
5452
5510
5453
5511
5454
5512
5455
5513
5456
5514
5457
5515
5458
5516
5459
5517
5460
5518
5519
5462
5520
5463
5521
5464
5522
5465
5523
5466
5524
5467
5525
5468
5526
5469
5527
5470
5528
5471
5529
5472
5530
5473
5531
5474
5532
5475
5533
5476
5534
5477
5535
5478
5536
5479
5537
5480
5538
5481
5539
5482
5540
5483
5541
5484
5542
5485
5543
5486
5544
5487
5545
5488
5546
5489
5547
5490
5548
5491
5549
5492
5550
5493
5551
5494
5552
5495
5553
5496
5554
5497
5555
5498
5556
5499
5557
5500
5558
5501
5559
5502
5560
5503
5561
5504
5562
5505
5563
5506
5564
5507
5565
5508
5566
5509
5567
5510
5568
5511
5569
5512
5570
5513
5571
5514
5572
5515
5573
5516
5574
5517
5575
5518
5576
5519
5577
5578
5521
5579
5522
5580
5523
5581
5524
5582
5525
5583
5526
5584
5527
5585
5528
5586
5529
5587
5530
5588
5531
5589
5532
5590
5533
5591
5534
5592
5535
5593
5536
5594
5537
5595
5538
5596
5539
5597
5540
5598
5541
5599
5542
5600
5543
5601
5544
5602
5545
5603
5546
5604
5547
5605
5548
5606
5549
5607
5550
5608
5551
5609
5552
5610
5553
5611
5554
5612
5555
5613
5556
5614
5557
5615
5558
5616
5559
5617
5560
5618
5561
5619
5562
5620
5563
5621
5564
5622
5565
5623
5566
5624
5567
5625
5568
5626
5569
5627
5570
5628
5571
5629
5572
5630
5573
5631
5574
5632
5575
5633
5576
5634
5577
5635
5578
5636
5637
5580
5638
5581
5639
5582
5640
5583
5641
5584
5642
5585
5643
5586
5644
5587
5645
5588
5646
5589
5647
5590
5648
5591
5649
5592
5650
5593
5651
5594
5652
5595
5653
5596
5654
5597
5655
5598
5656
5599
5657
5600
5658
5601
5659
5602
5660
5603
5661
5604
5662
5605
5663
5606
5664
5607
5665
5608
5666
5609
5667
5610
5668
5611
5669
5612
5670
5613
5671
5614
5672
5615
5673
5616
5674
5617
5675
5618
5676
5619
5677
5620
5678
5621
5679
5622
5680
5623
5681
5624
5682
5625
5683
5626
5684
5627
5685
5628
5686
5629
5687
5630
5688
5631
5689
5632
5690
5633
5691
5634
5692
5635
5693
5636
5694
5637
5695
5696
5639
5697
5640
5698
5641
5699
5642
5700
5643
5701
5644
5702
5645
5703
5646
5704
5647
5705
5648
5706
5649
5707
5650
5708
5651
5709
5652
5710
5653
5711
5654
5712
5655
5713
5656
5714
5657
5715
5658
5716
5659
5717
5660
5718
5661
5719
5662
5720
5663
5721
5664
5722
5665
5723
5666
5724
5667
5725
5668
5726
5669
5727
5670
5728
5671
5729
5672
5730
5673
5731
5674
5732
5675
5733
5676
5734
5677
5735
5678
5736
5679
5737
5680
5738
5681
5739
5682
5740
5683
5741
5684
5742
5685
5743
5686
5744
5687
5745
5688
5746
5689
5747
5690
5748
5691
5749
5692
5750
5693
5751
5694
5752
5695
5753
5696
5754
5755
5698
5756
5699
5757
5700
5758
5701
5759
5702
5760
5703
5761
5704
5762
5705
5763
5706
5764
5707
5765
5708
5766
5709
5767
5710
5768
5711
5769
5712
5770
5713
5771
5714
5772
5715
5773
5716
5774
5717
5775
5718
5776
5719
5777
5720
5778
5721
5779
5722
5780
5723
5781
5724
5782
5725
5783
5726
5784
5727
5785
5728
5786
5729
5787
5730
5788
5731
5789
5732
5790
5733
5791
5734
5792
5735
5793
5736
5794
5737
5795
5738
5796
5739
5797
5740
5798
5741
5799
5742
5800
5743
5801
5744
5802
5745
5803
5746
5804
5747
5805
5748
5806
5749
5807
5750
5808
5751
5809
5752
5810
5753
5811
5754
5812
5755
5813
5814
5757
5815
5758
5816
5759
5817
5760
5818
5761
5819
5762
5820
5763
5821
5764
5822
5765
5823
5766
5824
5767
5825
5768
5826
5769
5827
5770
5828
5771
5829
5772
5830
5773
5831
5774
5832
5775
5833
5776
5834
5777
5835
5778
5836
5779
5837
5780
5838
5781
5839
5782
5840
5783
5841
5784
5842
5785
5843
5786
5844
5787
5845
5788
5846
5789
5847
5790
5848
5791
5849
5792
5850
5793
5851
5794
5852
5795
5853
5796
5854
5797
5855
5798
5856
5799
5857
5800
5858
5801
5859
5802
5860
5803
5861
5804
5862
5805
5863
5806
5864
5807
5865
5808
5866
5809
5867
5810
5868
5811
5869
5812
5870
5813
5871
5814
5872
5873
5816
5874
5817
5875
5818
5876
5819
5877
5820
5878
5821
5879
5822
5880
5823
5881
5824
5882
5825
5883
5826
5884
5827
5885
5828
5886
5829
5887
5830
5888
5831
5889
5832
5890
5833
5891
5834
5892
5835
5893
5836
5894
5837
5895
5838
5896
5839
5897
5840
5898
5841
5899
5842
5900
5843
5901
5844
5902
5845
5903
5846
5904
5847
5905
5848
5906
5849
5907
5850
5908
5851
5909
5852
5910
5853
5911
5854
5912
5855
5913
5856
5914
5857
5915
5858
5916
5859
5917
5860
5918
5861
5919
5862
5920
5863
5921
5864
5922
5865
5923
5866
5924
5867
5925
5868
5926
5869
5927
5870
5928
5871
5929
5872
5930
5873
5931
5932
5875
5933
5876
5934
5877
5935
5878
5936
5879
5937
5880
5938
5881
5939
5882
5940
5883
5941
5884
5942
5885
5943
5886
5944
5887
5945
5888
5946
5889
5947
5890
5948
5891
5949
5892
5950
5893
5951
5894
5952
5895
5953
5896
5954
5897
5955
5898
5956
5899
5957
5900
5958
5901
5959
5902
5960
5903
5961
5904
5962
5905
5963
5906
5964
5907
5965
5908
5966
5909
5967
5910
5968
5911
5969
5912
5970
5913
5971
5914
5972
5915
5973
5916
5974
5917
5975
5918
5976
5919
5977
5920
5978
5921
5979
5922
5980
5923
5981
5924
5982
5925
5983
5926
5984
5927
5985
5928
5986
5929
5987
5930
5988
5931
5989
5932
5990
5991
5934
5992
5935
5993
5936
5994
5937
5995
5938
5996
5939
5997
5940
5998
5941
5999
5942
6000
5943
6001
5944
6002
5945
6003
5946
6004
5947
6005
5948
6006
5949
6007
5950
6008
5951
6009
5952
6010
5953
6011
5954
6012
5955
6013
5956
6014
5957
6015
5958
6016
5959
6017
5960
6018
5961
6019
5962
6020
5963
6021
5964
6022
5965
6023
5966
6024
5967
6025
5968
6026
5969
6027
5970
6028
5971
6029
5972
6030
5973
6031
5974
6032
5975
6033
5976
6034
5977
6035
5978
6036
5979
6037
5980
6038
5981
6039
5982
6040
5983
6041
5984
6042
5985
6043
5986
6044
5987
6045
5988
6046
5989
6047
5990
6048
5991
6049
6050
5993
6051
5994
6052
5995
6053
5996
6054
5997
6055
5998
6056
5999
6057
6000
6058
6001
6059
6002
6060
6003
6061
6004
6062
6005
6063
6006
6064
6007
6065
6008
6066
6009
6067
6010
6068
6011
6069
6012
6070
6013
6071
6014
6072
6015
6073
6016
6074
6017
6075
6018
6076
6019
6077
6020
6078
6021
6079
6022
6080
6023
6081
6024
6082
6025
6083
6026
6084
6027
6085
6028
6086
6029
6087
6030
6088
6031
6089
6032
6090
6033
6091
6034
6092
6035
6093
6036
6094
6037
6095
6038
6096
6039
6097
6040
6098
6041
6099
6042
6100
6043
6101
6044
6102
6045
6103
6046
6104
6047
6105
6048
6106
6049
6107
6050
6108
6109
6052
6110
6053
6111
6054
6112
6055
6113
6056
6114
6057
6115
6058
6116
6059
6117
6060
6118
6061
6119
6062
6120
6063
6121
6064
6122
6065
6123
6066
6124
6067
6125
6068
6126
6069
6127
6070
6128
6071
6129
6072
6130
6073
6131
6074
6132
6075
6133
6076
6134
6077
6135
6078
6136
6079
6137
6080
6138
6081
6139
6082
6140
6083
6141
6084
6142
6085
6143
6086
6144
6087
6145
6088
6146
6089
6147
6090
6148
6091
6149
6092
6150
6093
6151
6094
6152
6095
6153
6096
6154
6097
6155
6098
6156
6099
6157
6100
6158
6101
6159
6102
6160
6103
6161
6104
6162
6105
6163
6106
6164
6107
6165
6108
6166
6109
6167
6168
6111
6169
6112
6170
6113
6171
6114
6172
6115
6173
6116
6174
6117
6175
6118
6176
6119
6177
6120
6178
6121
6179
6122
6180
6123
6181
6124
6182
6125
6183
6126
6184
6127
6185
6128
6186
6129
6187
6130
6188
6131
6189
6132
6190
6133
6191
6134
6192
6135
6193
6136
6194
6137
6195
6138
6196
6139
6197
6140
6198
6141
6199
6142
6200
6143
6201
6144
6202
6145
6203
6146
6204
6147
6205
6148
6206
6149
6207
6150
6208
6151
6209
6152
6210
6153
6211
6154
6212
6155
6213
6156
6214
6157
6215
6158
6216
6159
6217
6160
6218
6161
6219
6162
6220
6163
6221
6164
6222
6165
6223
6166
6224
6167
6225
6168
6226
6227
6170
6228
6171
6229
6172
6230
6173
6231
6174
6232
6175
6233
6176
6234
6177
6235
6178
6236
6179
6237
6180
6238
6181
6239
6182
6240
6183
6241
6184
6242
6185
6243
6186
6244
6187
6245
6188
6246
6189
6247
6190
6248
6191
6249
6192
6250
6193
6251
6194
6252
6195
6253
6196
6254
6197
6255
6198
6256
6199
6257
6200
6258
6201
6259
6202
6260
6203
6261
6204
6262
6205
6263
6206
6264
6207
6265
6208
6266
6209
6267
6210
6268
6211
6269
6212
6270
6213
6271
6214
6272
6215
6273
6216
6274
6217
6275
6218
6276
6219
6277
6220
6278
6221
6279
6222
6280
6223
6281
6224
6282
6225
6283
6226
6284
6227
6285
6286
6229
6287
6230
6288
6231
6289
6232
6290
6233
6291
6234
6292
6235
6293
6236
6294
6237
6295
6238
6296
6239
6297
6240
6298
6241
6299
6242
6300
6243
6301
6244
6302
6245
6303
6246
6304
6247
6305
6248
6306
6249
6307
6250
6308
6251
6309
6252
6310
6253
6311
6254
6312
6255
6313
6256
6314
6257
6315
6258
6316
6259
6317
6260
6318
6261
6319
6262
6320
6263
6321
6264
6322
6265
6323
6266
6324
6267
6325
6268
6326
6269
6327
6270
6328
6271
6329
6272
6330
6273
6331
6274
6332
6275
6333
6276
6334
6277
6335
6278
6336
6279
6337
6280
6338
6281
6339
6282
6340
6283
6341
6284
6342
6285
6343
6286
6344
6345
6288
6289
6290
6291
6292
6293
6294
6295
6296
6297
6298
6299
6300
6301
6302
6303
6304
6305
6306
6307
6308
6309
6310
6311
6312
6313
6314
6315
6316
6317
6318
6319
6320
6321
6322
6323
6324
6325
6326
6327
6328
6329
6330
6331
6332
6333
6334
6335
6336
6337
6338
6339
6340
6341
6342
6343
6344
6345
6347
6405
6348
6406
6349
6407
6350
6408
6351
6409
6352
6410
6353
6411
6354
6412
6355
6413
6356
6414
6357
6415
6358
6416
6359
6417
6360
6418
6361
6419
6362
6420
6363
6421
6364
6422
6365
6423
6366
6424
6367
6425
6368
6426
6369
6427
6370
6428
6371
6429
6372
6430
6373
6431
6374
6432
6375
6433
6376
6434
6377
6435
6378
6436
6379
6437
6380
6438
6381
6439
6382
6440
6383
6441
6384
6442
6385
6443
6386
6444
6387
6445
6388
6446
6389
6447
6390
6448
6391
6449
6392
6450
6393
6451
6394
6452
6395
6453
6396
6454
6397
6455
6398
6456
6399
6457
6400
6458
6401
6459
6402
6460
6403
6461
6404
6462
6463
6406
6464
6407
6465
6408
6466
6409
6467
6410
6468
6411
6469
6412
6470
6413
6471
6414
6472
6415
6473
6416
6474
6417
6475
6418
6476
6419
6477
6420
6478
6421
6479
6422
6480
6423
6481
6424
6482
6425
6483
6426
6484
6427
6485
6428
6486
6429
6487
6430
6488
6431
6489
6432
6490
6433
6491
6434
6492
6435
6493
6436
6494
6437
6495
6438
6496
6439
6497
6440
6498
6441
6499
6442
6500
6443
6501
6444
6502
6445
6503
6446
6504
6447
6505
6448
6506
6449
6507
6450
6508
6451
6509
6452
6510
6453
6511
6454
6512
6455
6513
6456
6514
6457
6515
6458
6516
6459
6517
6460
6518
6461
6519
6462
6520
6463
6521
6522
6465
6523
6466
6524
6467
6525
6468
6526
6469
6527
6470
6528
6471
6529
6472
6530
6473
6531
6474
6532
6475
6533
6476
6534
6477
6535
6478
6536
6479
6537
6480
6538
6481
6539
6482
6540
6483
6541
6484
6542
6485
6543
6486
6544
6487
6545
6488
6546
6489
6547
6490
6548
6491
6549
6492
6550
6493
6551
6494
6552
6495
6553
6496
6554
6497
6555
6498
6556
6499
6557
6500
6558
6501
6559
6502
6560
6503
6561
6504
6562
6505
6563
6506
6564
6507
6565
6508
6566
6509
6567
6510
6568
6511
6569
6512
6570
6513
6571
6514
6572
6515
6573
6516
6574
6517
6575
6518
6576
6519
6577
6520
6578
6521
6579
6522
6580
6581
6524
6582
6525
6583
6526
6584
6527
6585
6528
6586
6529
6587
6530
6588
6531
6589
6532
6590
6533
6591
6534
6592
6535
6593
6536
6594
6537
6595
6538
6596
6539
6597
6540
6598
6541
6599
6542
6600
6543
6601
6544
6602
6545
6603
6546
6604
6547
6605
6548
6606
6549
6607
6550
6608
6551
6609
6552
6610
6553
6611
6554
6612
6555
6613
6556
6614
6557
6615
6558
6616
6559
6617
6560
6618
6561
6619
6562
6620
6563
6621
6564
6622
6565
6623
6566
6624
6567
6625
6568
6626
6569
6627
6570
6628
6571
6629
6572
6630
6573
6631
6574
6632
6575
6633
6576
6634
6577
6635
6578
6636
6579
6637
6580
6638
6581
6639
6640
6583
6641
6584
6642
6585
6643
6586
6644
6587
6645
6588
6646
6589
6647
6590
6648
6591
6649
6592
6650
6593
6651
6594
6652
6595
6653
6596
6654
6597
6655
6598
6656
6599
6657
6600
6658
6601
6659
6602
6660
6603
6661
6604
6662
6605
6663
6606
6664
6607
6665
6608
6666
6609
6667
6610
6668
6611
6669
6612
6670
6613
6671
6614
6672
6615
6673
6616
6674
6617
6675
6618
6676
6619
6677
6620
6678
6621
6679
6622
6680
6623
6681
6624
6682
6625
6683
6626
6684
6627
6685
6628
6686
6629
6687
6630
6688
6631
6689
6632
6690
6633
6691
6634
6692
6635
6693
6636
6694
6637
6695
6638
6696
6639
6697
6640
6698
6699
6642
6700
6643
6701
6644
6702
6645
6703
6646
6704
6647
6705
6648
6706
6649
6707
6650
6708
6651
6709
6652
6710
6653
6711
6654
6712
6655
6713
6656
6714
6657
6715
6658
6716
6659
6717
6660
6718
6661
6719
6662
6720
6663
6721
6664
6722
6665
6723
6666
6724
6667
6725
6668
6726
6669
6727
6670
6728
6671
6729
6672
6730
6673
6731
6674
6732
6675
6733
6676
6734
6677
6735
6678
6736
6679
6737
6680
6738
6681
6739
6682
6740
6683
6741
6684
6742
6685
6743
6686
6744
6687
6745
6688
6746
6689
6747
6690
6748
6691
6749
6692
6750
6693
6751
6694
6752
6695
6753
6696
6754
6697
6755
6698
6756
6699
6757
6758
6701
6759
6702
6760
6703
6761
6704
6762
6705
6763
6706
6764
6707
6765
6708
6766
6709
6767
6710
6768
6711
6769
6712
6770
6713
6771
6714
6772
6715
6773
6716
6774
6717
6775
6718
6776
6719
6777
6720
6778
6721
6779
6722
6780
6723
6781
6724
6782
6725
6783
6726
6784
6727
6785
6728
6786
6729
6787
6730
6788
6731
6789
6732
6790
6733
6791
6734
6792
6735
6793
6736
6794
6737
6795
6738
6796
6739
6797
6740
6798
6741
6799
6742
6800
6743
6801
6744
6802
6745
6803
6746
6804
6747
6805
6748
6806
6749
6807
6750
6808
6751
6809
6752
6810
6753
6811
6754
6812
6755
6813
6756
6814
6757
6815
6758
6816
6817
6760
6818
6761
6819
6762
6820
6763
6821
6764
6822
6765
6823
6766
6824
6767
6825
6768
6826
6769
6827
6770
6828
6771
6829
6772
6830
6773
6831
6774
6832
6775
6833
6776
6834
6777
6835
6778
6836
6779
6837
6780
6838
6781
6839
6782
6840
6783
6841
6784
6842
6785
6843
6786
6844
6787
6845
6788
6846
6789
6847
6790
6848
6791
6849
6792
6850
6793
6851
6794
6852
6795
6853
6796
6854
6797
6855
6798
6856
6799
6857
6800
6858
6801
6859
6802
6860
6803
6861
6804
6862
6805
6863
6806
6864
6807
6865
6808
6866
6809
6867
6810
6868
6811
6869
6812
6870
6813
6871
6814
6872
6815
6873
6816
6874
6817
6875
6876
6819
6877
6820
6878
6821
6879
6822
6880
6823
6881
6824
6882
6825
6883
6826
6884
6827
6885
6828
6886
6829
6887
6830
6888
6831
6889
6832
6890
6833
6891
6834
6892
6835
6893
6836
6894
6837
6895
6838
6896
6839
6897
6840
6898
6841
6899
6842
6900
6843
6901
6844
6902
6845
6903
6846
6904
6847
6905
6848
6906
6849
6907
6850
6908
6851
6909
6852
6910
6853
6911
6854
6912
6855
6913
6856
6914
6857
6915
6858
6916
6859
6917
6860
6918
6861
6919
6862
6920
6863
6921
6864
6922
6865
6923
6866
6924
6867
6925
6868
6926
6869
6927
6870
6928
6871
6929
6872
6930
6873
6931
6874
6932
6875
6933
6876
6934
6935
6878
6936
6879
6937
6880
6938
6881
6939
6882
6940
6883
6941
6884
6942
6885
6943
6886
6944
6887
6945
6888
6946
6889
6947
6890
6948
6891
6949
6892
6950
6893
6951
6894
6952
6895
6953
6896
6954
6897
6955
6898
6956
6899
6957
6900
6958
6901
6959
6902
6960
6903
6961
6904
6962
6905
6963
6906
6964
6907
6965
6908
6966
6909
6967
6910
6968
6911
6969
6912
6970
6913
6971
6914
6972
6915
6973
6916
6974
6917
6975
6918
6976
6919
6977
6920
6978
6921
6979
6922
6980
6923
6981
6924
6982
6925
6983
6926
6984
6927
6985
6928
6986
6929
6987
6930
6988
6931
6989
6932
6990
6933
6991
6934
6992
6935
6993
6994
6937
6995
6938
6996
6939
6997
6940
6998
6941
6999
6942
7000
6943
7001
6944
7002
6945
7003
6946
7004
6947
7005
6948
7006
6949
7007
6950
7008
6951
7009
6952
7010
6953
7011
6954
7012
6955
7013
6956
7014
6957
7015
6958
7016
6959
7017
6960
7018
6961
7019
6962
7020
6963
7021
6964
7022
6965
7023
6966
7024
6967
7025
6968
7026
6969
7027
6970
7028
6971
7029
6972
7030
6973
7031
6974
7032
6975
7033
6976
7034
6977
7035
6978
7036
6979
7037
6980
7038
6981
7039
6982
7040
6983
7041
6984
7042
6985
7043
6986
7044
6987
7045
6988
7046
6989
7047
6990
7048
6991
7049
6992
7050
6993
7051
6994
7052
7053
6996
7054
6997
7055
6998
7056
6999
7057
7000
7058
7001
7059
7002
7060
7003
7061
7004
7062
7005
7063
7006
7064
7007
7065
7008
7066
7009
7067
7010
7068
7011
7069
7012
7070
7013
7071
7014
7072
7015
7073
7016
7074
7017
7075
7018
7076
7019
7077
7020
7078
7021
7079
7022
7080
7023
7081
7024
7082
7025
7083
7026
7084
7027
7085
7028
7086
7029
7087
7030
7088
7031
7089
7032
7090
7033
7091
7034
7092
7035
7093
7036
7094
7037
7095
7038
7096
7039
7097
7040
7098
7041
7099
7042
7100
7043
7101
7044
7102
7045
7103
7046
7104
7047
7105
7048
7106
7049
7107
7050
7108
7051
7109
7052
7110
7053
7111
7112
7055
7113
7056
7114
7057
7115
7058
7116
7059
7117
7060
7118
7061
7119
7062
7120
7063
7121
7064
7122
7065
7123
7066
7124
7067
7125
7068
7126
7069
7127
7070
7128
7071
7129
7072
7130
7073
7131
7074
7132
7075
7133
7076
7134
7077
7135
7078
7136
7079
7137
7080
7138
7081
7139
7082
7140
7083
7141
7084
7142
7085
7143
7086
7144
7087
7145
7088
7146
7089
7147
7090
7148
7091
7149
7092
7150
7093
7151
7094
7152
7095
7153
7096
7154
7097
7155
7098
7156
7099
7157
7100
7158
7101
7159
7102
7160
7103
7161
7104
7162
7105
7163
7106
7164
7107
7165
7108
7166
7109
7167
7110
7168
7111
7169
7112
7170
7171
7114
7115
7116
7117
7118
7119
7120
7121
7122
7123
7124
7125
7126
7127
7128
7129
7130
7131
7132
7133
7134
7135
7136
7137
7138
7139
7140
7141
7142
7143
7144
7145
7146
7147
7148
7149
7150
7151
7152
7153
7154
7155
7156
7157
7158
7159
7160
7161
7162
7163
7164
7165
7166
7167
7168
7169
7170
7171
)


// ************************************************************************* //
