FoamFile
{
 version   2.0;
 format    ascii;
 class     faceSet;
 location  "constant/polyMesh/sets";
 object    north-0004;
}
59
(
 22636
 22637
 22638
 22639
 22640
 22641
 22642
 22643
 22644
 22645
 22646
 22647
 22648
 22649
 22650
 22651
 22652
 22653
 22654
 22655
 22656
 22657
 22658
 22659
 22660
 22661
 22662
 22663
 22664
 22665
 22666
 22667
 22668
 22669
 22670
 22671
 22672
 22673
 22674
 22675
 22676
 22677
 22678
 22679
 22680
 22681
 22682
 22683
 22684
 22685
 22686
 22687
 22688
 22689
 22690
 22691
 22692
 22693
 22694
)
