FoamFile
{
 version   2.0;
 format    ascii;
 class     faceSet;
 location  "constant/polyMesh/sets";
 object    south-0001;
}
59
(
 16415
 16416
 16417
 16418
 16419
 16420
 16421
 16422
 16423
 16424
 16425
 16426
 16427
 16428
 16429
 16430
 16431
 16432
 16433
 16434
 16435
 16436
 16437
 16438
 16439
 16440
 16441
 16442
 16443
 16444
 16445
 16446
 16447
 16448
 16449
 16450
 16451
 16452
 16453
 16454
 16455
 16456
 16457
 16458
 16459
 16460
 16461
 16462
 16463
 16464
 16465
 16466
 16467
 16468
 16469
 16470
 16471
 16472
 16473
)
