FoamFile
{
 version   2.0;
 format    ascii;
 class     faceSet;
 location  "constant/polyMesh/sets";
 object    south-0004;
}
59
(
 22695
 22696
 22697
 22698
 22699
 22700
 22701
 22702
 22703
 22704
 22705
 22706
 22707
 22708
 22709
 22710
 22711
 22712
 22713
 22714
 22715
 22716
 22717
 22718
 22719
 22720
 22721
 22722
 22723
 22724
 22725
 22726
 22727
 22728
 22729
 22730
 22731
 22732
 22733
 22734
 22735
 22736
 22737
 22738
 22739
 22740
 22741
 22742
 22743
 22744
 22745
 22746
 22747
 22748
 22749
 22750
 22751
 22752
 22753
)
